<?xml version="1.0" encoding="UTF-8" standalone="no"?>
<!DOCTYPE svg PUBLIC "-//W3C//DTD SVG 20010904//EN"
              "http://www.w3.org/TR/2001/REC-SVG-20010904/DTD/svg10.dtd">

<svg xmlns="http://www.w3.org/2000/svg"
     width="4.3in" height="0.7in"
     viewBox="0 0 387 63">
  <path id="Imported Path"
        fill="none" stroke="black" stroke-width="1"
        d="M 29.37,18.38
           C 29.43,18.38 29.46,18.38 29.46,18.38
             29.52,18.32 29.58,18.29 29.64,18.29
             29.94,17.63 30.18,17.24 30.36,17.12
             30.66,17.00 30.96,16.97 31.26,17.03
             31.38,17.15 31.44,17.21 31.44,17.21
             31.74,17.51 31.89,17.81 31.89,18.11
             31.89,18.41 31.77,18.62 31.53,18.74
             31.41,19.22 31.14,20.03 30.72,21.17
             30.36,22.31 29.91,23.48 29.37,24.68
             28.89,25.88 28.44,26.99 28.02,28.01
             27.60,28.97 27.36,29.54 27.30,29.72
             27.30,29.72 27.21,29.72 27.21,29.72
             26.91,30.14 26.55,30.11 26.13,29.63
             25.77,29.09 25.62,28.58 25.68,28.10
             25.68,28.10 25.95,27.47 25.95,27.47
             26.01,26.99 26.07,26.51 26.13,26.03
             26.25,25.49 26.37,24.98 26.49,24.50
             26.49,23.42 26.28,22.49 25.86,21.71
             25.50,20.93 24.96,20.36 24.24,20.00
             23.52,19.58 22.68,19.34 21.72,19.28
             20.82,19.22 19.86,19.37 18.84,19.73
             18.78,19.73 18.75,19.76 18.75,19.82
             17.61,20.60 16.59,21.41 15.69,22.25
             14.85,23.03 14.25,23.60 13.89,23.96
             12.99,24.92 11.97,26.09 10.83,27.47
             9.69,28.85 8.58,30.35 7.50,31.97
             6.48,33.53 5.55,35.18 4.71,36.92
             3.93,38.60 3.42,40.28 3.18,41.96
             2.94,43.64 3.03,45.26 3.45,46.82
             3.87,48.38 4.80,49.79 6.24,51.05
             6.66,51.47 7.23,51.89 7.95,52.31
             8.79,52.61 9.66,52.88 10.56,53.12
             11.52,53.30 12.54,53.45 13.62,53.57
             14.46,53.69 15.30,53.75 16.14,53.75
             16.98,53.75 17.82,53.72 18.66,53.66
             18.66,53.66 21.36,53.03 21.36,53.03
             22.74,52.73 24.12,52.28 25.50,51.68
             26.88,51.08 28.20,50.45 29.46,49.79
             31.80,48.59 34.02,47.27 36.12,45.83
             38.28,44.33 40.41,42.80 42.51,41.24
             42.93,41.00 43.26,41.06 43.50,41.42
             43.80,41.72 43.86,42.05 43.68,42.41
             44.34,41.87 45.00,41.33 45.66,40.79
             46.32,40.19 46.95,39.56 47.55,38.90
             47.79,38.66 47.97,38.69 48.09,38.99
             48.27,39.29 48.36,39.65 48.36,40.07
             48.42,40.49 48.39,40.85 48.27,41.15
             48.21,41.45 48.06,41.51 47.82,41.33
             47.76,41.39 47.70,41.42 47.64,41.42
             47.46,41.78 47.22,42.05 46.92,42.23
             45.18,43.55 43.53,44.81 41.97,46.01
             40.47,47.15 38.88,48.23 37.20,49.25
             35.58,50.27 33.84,51.23 31.98,52.13
             30.12,52.97 27.99,53.78 25.59,54.56
             25.47,54.68 25.38,54.74 25.32,54.74
             24.78,54.92 23.88,55.13 22.62,55.37
             21.36,55.55 20.01,55.70 18.57,55.82
             17.13,55.94 15.72,56.00 14.34,56.00
             12.96,55.94 11.85,55.73 11.01,55.37
             10.95,55.31 10.83,55.28 10.65,55.28
             8.19,54.86 6.18,54.02 4.62,52.76
             3.06,51.50 1.92,50.00 1.20,48.26
             0.48,46.46 0.12,44.51 0.12,42.41
             0.12,40.25 0.48,38.12 1.20,36.02
             1.86,34.22 2.73,32.39 3.81,30.53
             4.89,28.67 6.15,26.93 7.59,25.31
             9.03,23.69 10.59,22.28 12.27,21.08
             14.01,19.82 15.84,18.86 17.76,18.20
             18.66,17.60 19.71,17.06 20.91,16.58
             22.11,16.04 23.25,15.74 24.33,15.68
             25.41,15.56 26.37,15.77 27.21,16.31
             28.05,16.79 28.62,17.69 28.92,19.01
             29.16,18.59 29.31,18.38 29.37,18.38 Z
           M 22.71,17.57
           C 23.79,17.75 24.63,18.23 25.23,19.01
             25.83,19.79 26.46,20.84 27.12,22.16
             27.24,21.32 27.27,20.57 27.21,19.91
             27.21,19.19 27.03,18.59 26.67,18.11
             26.19,17.57 25.62,17.27 24.96,17.21
             24.30,17.15 23.55,17.27 22.71,17.57 Z
           M 11.64,23.87
           C 9.30,25.79 7.29,28.07 5.61,30.71
             3.99,33.35 2.85,36.17 2.19,39.17
             3.21,36.23 4.50,33.53 6.06,31.07
             7.68,28.55 9.54,26.15 11.64,23.87 Z
           M 64.07,21.17
           C 63.95,21.29 63.80,21.68 63.62,22.34
             63.50,23.00 63.20,23.87 62.72,24.95
             62.24,26.03 61.55,27.23 60.65,28.55
             59.75,29.87 58.55,31.19 57.05,32.51
             57.17,32.27 57.02,32.36 56.60,32.78
             56.24,33.14 55.76,33.59 55.16,34.13
             54.44,35.33 53.72,36.41 53.00,37.37
             52.34,38.27 51.71,38.96 51.11,39.44
             50.63,39.74 50.21,39.71 49.85,39.35
             49.19,40.01 48.62,40.46 48.14,40.70
             47.72,40.88 47.45,40.91 47.33,40.79
             47.21,40.67 47.27,40.40 47.51,39.98
             47.69,39.56 48.11,39.08 48.77,38.54
             48.77,38.54 53.09,34.13 53.09,34.13
             53.81,33.05 54.53,31.88 55.25,30.62
             55.97,29.36 56.63,28.13 57.23,26.93
             57.89,25.73 58.46,24.59 58.94,23.51
             59.42,22.43 59.81,21.53 60.11,20.81
             60.77,19.19 61.28,17.54 61.64,15.86
             62.00,14.12 62.63,12.53 63.53,11.09
             64.13,10.31 64.70,10.28 65.24,11.00
             65.30,11.06 65.42,11.42 65.60,12.08
             65.78,12.74 65.99,13.49 66.23,14.33
             66.47,15.17 66.71,16.04 66.95,16.94
             67.25,17.78 67.55,18.41 67.85,18.83
             68.69,20.21 69.65,21.47 70.73,22.61
             71.81,23.75 72.95,24.83 74.15,25.85
             74.99,26.15 75.80,26.45 76.58,26.75
             77.36,26.99 78.17,27.29 79.01,27.65
             78.89,27.89 78.74,28.13 78.56,28.37
             78.44,28.55 78.26,28.79 78.02,29.09
             78.08,29.15 78.14,29.18 78.20,29.18
             78.44,29.48 78.53,29.75 78.47,29.99
             78.41,30.23 78.26,30.41 78.02,30.53
             78.02,30.53 77.75,31.07 77.75,31.07
             75.83,33.35 74.39,35.90 73.43,38.72
             72.53,41.48 71.93,44.33 71.63,47.27
             71.63,47.27 71.36,49.07 71.36,49.07
             71.48,49.55 71.60,49.97 71.72,50.33
             71.90,50.69 72.08,51.02 72.26,51.32
             72.26,51.32 73.07,52.49 73.07,52.49
             73.85,53.27 74.87,53.72 76.13,53.84
             76.43,53.42 76.82,53.39 77.30,53.75
             77.54,53.51 77.81,53.39 78.11,53.39
             78.29,53.39 78.44,53.42 78.56,53.48
             78.68,53.48 78.92,53.42 79.28,53.30
             79.28,53.30 80.81,52.04 80.81,52.04
             80.81,52.04 82.52,50.60 82.52,50.60
             82.52,50.60 82.70,50.42 82.70,50.42
             82.70,50.42 82.34,50.69 82.34,50.69
             84.56,48.89 86.69,47.12 88.73,45.38
             90.83,43.58 92.81,41.63 94.67,39.53
             95.15,39.11 95.57,39.11 95.93,39.53
             96.35,39.89 96.35,40.31 95.93,40.79
             94.85,41.99 93.74,43.13 92.60,44.21
             91.52,45.23 90.38,46.25 89.18,47.27
             90.92,45.89 92.51,44.57 93.95,43.31
             95.39,41.99 96.56,40.94 97.46,40.16
             98.12,39.14 98.72,38.69 99.26,38.81
             99.80,38.93 99.92,39.29 99.62,39.89
             99.62,39.89 99.11,40.40 98.09,41.42
             97.13,42.44 95.87,43.67 94.31,45.11
             92.81,46.49 91.13,47.96 89.27,49.52
             87.41,51.02 85.61,52.31 83.87,53.39
             83.15,53.93 82.37,54.50 81.53,55.10
             80.69,55.64 79.82,56.15 78.92,56.63
             78.02,57.11 77.12,57.50 76.22,57.80
             75.32,58.10 74.42,58.25 73.52,58.25
             72.68,58.25 71.99,58.04 71.45,57.62
             70.91,57.26 70.49,56.75 70.19,56.09
             69.89,55.49 69.68,54.83 69.56,54.11
             69.44,53.33 69.38,52.61 69.38,51.95
             69.38,51.59 69.38,51.23 69.38,50.87
             69.38,50.51 69.41,50.15 69.47,49.79
             69.41,49.73 69.38,49.64 69.38,49.52
             69.14,48.74 69.08,47.39 69.20,45.47
             69.32,43.49 69.62,41.42 70.10,39.26
             70.64,37.10 71.36,35.09 72.26,33.23
             73.16,31.37 74.30,30.14 75.68,29.54
             75.68,29.54 74.78,28.73 74.78,28.73
             73.22,28.13 71.84,27.53 70.64,26.93
             69.44,26.33 68.21,25.52 66.95,24.50
             65.03,22.28 64.07,21.17 64.07,21.17 Z
           M 63.98,14.42
           C 63.56,15.56 63.20,16.73 62.90,17.93
             62.66,19.07 62.33,20.21 61.91,21.35
             61.91,21.35 59.66,26.21 59.66,26.21
             60.56,24.65 61.31,23.15 61.91,21.71
             62.51,20.27 62.96,18.95 63.26,17.75
             63.86,16.97 64.43,16.94 64.97,17.66
             64.97,17.66 63.98,14.42 63.98,14.42 Z
           M 74.96,56.18
           C 74.30,56.06 73.61,55.70 72.89,55.10
             72.23,54.44 71.63,53.75 71.09,53.03
             71.15,53.69 71.27,54.29 71.45,54.83
             71.63,55.37 71.93,55.79 72.35,56.09
             72.65,56.33 73.01,56.42 73.43,56.36
             73.91,56.36 74.42,56.30 74.96,56.18 Z
           M 98.65,32.69
           C 97.87,32.27 97.60,31.79 97.84,31.25
             98.08,30.65 98.53,30.53 99.19,30.89
             99.49,31.13 99.79,31.34 100.09,31.52
             100.39,31.70 100.69,31.91 100.99,32.15
             101.53,31.31 102.07,30.56 102.61,29.90
             103.21,29.18 103.69,28.58 104.05,28.10
             104.05,28.10 104.11,28.04 104.23,27.92
             106.03,25.40 108.13,23.21 110.53,21.35
             112.93,19.43 115.57,18.20 118.45,17.66
             118.81,17.54 119.17,17.45 119.53,17.39
             119.95,17.27 120.40,17.15 120.88,17.03
             121.72,16.91 122.56,16.85 123.40,16.85
             124.24,16.79 125.11,16.82 126.01,16.94
             127.15,16.94 128.11,17.06 128.89,17.30
             128.89,17.30 129.07,17.12 129.07,17.12
             129.37,17.00 129.67,16.97 129.97,17.03
             130.09,17.15 130.15,17.21 130.15,17.21
             130.39,17.57 130.51,17.81 130.51,17.93
             131.71,18.47 132.73,19.22 133.57,20.18
             134.47,21.14 135.07,22.16 135.37,23.24
             135.67,24.32 135.64,25.43 135.28,26.57
             134.92,27.71 134.14,28.76 132.94,29.72
             132.52,30.02 132.13,30.32 131.77,30.62
             131.41,30.92 131.02,31.19 130.60,31.43
             130.36,31.73 130.12,31.97 129.88,32.15
             129.64,32.33 129.40,32.48 129.16,32.60
             126.94,33.92 124.93,34.97 123.13,35.75
             121.33,36.53 119.56,37.10 117.82,37.46
             116.08,37.76 114.28,37.88 112.42,37.82
             110.56,37.70 108.46,37.40 106.12,36.92
             105.28,39.02 104.68,41.00 104.32,42.86
             103.78,45.92 103.99,48.68 104.95,51.14
             105.85,51.80 106.90,52.34 108.10,52.76
             109.36,53.18 110.77,53.45 112.33,53.57
             114.79,53.87 117.28,53.81 119.80,53.39
             122.38,52.91 124.93,52.19 127.45,51.23
             129.31,50.09 131.20,48.83 133.12,47.45
             135.10,46.07 136.93,44.72 138.61,43.40
             140.35,42.02 141.85,40.73 143.11,39.53
             144.43,38.27 145.42,37.19 146.08,36.29
             146.50,35.93 146.92,35.90 147.34,36.20
             147.76,36.44 147.82,36.80 147.52,37.28
             147.28,37.58 147.04,37.91 146.80,38.27
             146.56,38.57 146.29,38.87 145.99,39.17
             145.99,39.17 146.26,38.90 146.26,38.90
             146.44,38.72 146.56,38.75 146.62,38.99
             146.68,39.17 146.71,39.44 146.71,39.80
             146.71,40.10 146.68,40.40 146.62,40.70
             146.62,40.94 146.59,41.06 146.53,41.06
             146.47,41.12 146.41,41.15 146.35,41.15
             146.17,41.51 145.93,41.78 145.63,41.96
             144.01,43.22 142.45,44.42 140.95,45.56
             139.51,46.70 138.01,47.78 136.45,48.80
             134.95,49.82 133.33,50.78 131.59,51.68
             129.85,52.52 127.90,53.33 125.74,54.11
             122.62,55.85 119.95,57.14 117.73,57.98
             114.73,59.12 112.03,59.18 109.63,58.16
             107.29,57.14 105.43,55.55 104.05,53.39
             103.21,52.91 102.49,52.34 101.89,51.68
             101.35,50.96 100.84,50.18 100.36,49.34
             100.36,49.34 100.36,49.25 100.36,49.25
             100.30,49.07 100.15,48.80 99.91,48.44
             99.79,48.20 99.73,48.05 99.73,47.99
             98.95,45.77 98.62,43.43 98.74,40.97
             98.80,38.45 99.25,36.05 100.09,33.77
             100.09,33.77 98.65,32.69 98.65,32.69 Z
           M 129.79,20.36
           C 129.79,20.30 129.61,20.24 129.25,20.18
             128.95,20.06 128.50,19.97 127.90,19.91
             127.36,19.79 126.70,19.70 125.92,19.64
             125.20,19.52 124.48,19.40 123.76,19.28
             122.50,19.58 121.24,20.06 119.98,20.72
             118.78,21.32 117.67,22.01 116.65,22.79
             114.07,24.89 111.82,27.38 109.90,30.26
             109.90,30.26 108.01,33.14 108.01,33.14
             109.75,33.44 111.46,33.77 113.14,34.13
             114.82,34.43 116.80,34.37 119.08,33.95
             120.22,33.71 121.42,33.44 122.68,33.14
             123.94,32.78 125.11,32.39 126.19,31.97
             126.67,31.79 127.12,31.58 127.54,31.34
             128.02,31.10 128.47,30.86 128.89,30.62
             129.97,29.72 130.84,28.76 131.50,27.74
             132.22,26.66 132.52,25.52 132.40,24.32
             132.40,23.12 131.95,22.13 131.05,21.35
             130.81,21.17 130.60,20.99 130.42,20.81
             130.24,20.63 130.03,20.48 129.79,20.36 Z
           M 105.22,29.45
           C 104.26,30.89 103.45,32.27 102.79,33.59
             102.79,33.65 102.82,33.68 102.88,33.68
             103.00,33.26 103.24,32.99 103.60,32.87
             104.02,32.87 104.41,32.87 104.77,32.87
             105.19,32.87 105.61,32.90 106.03,32.96
             106.39,32.30 106.75,31.67 107.11,31.07
             107.53,30.41 107.98,29.78 108.46,29.18
             110.02,27.14 111.55,25.40 113.05,23.96
             114.55,22.52 116.29,21.14 118.27,19.82
             116.71,20.42 115.24,21.14 113.86,21.98
             112.48,22.82 111.22,23.72 110.08,24.68
             109.24,25.40 108.43,26.15 107.65,26.93
             106.87,27.71 106.09,28.52 105.31,29.36
             105.31,29.36 105.22,29.45 105.22,29.45 Z
           M 102.07,35.39
           C 101.41,37.91 101.05,40.25 100.99,42.41
             100.93,44.51 101.32,46.37 102.16,47.99
             101.86,46.13 101.98,44.27 102.52,42.41
             102.82,41.39 103.09,40.40 103.33,39.44
             103.63,38.48 103.96,37.52 104.32,36.56
             103.54,36.38 102.79,35.99 102.07,35.39 Z
           M 109.63,55.28
           C 108.79,55.16 108.13,55.04 107.65,54.92
             108.79,55.76 110.14,56.33 111.70,56.63
             113.26,56.93 115.09,56.81 117.19,56.27
             117.49,56.15 117.79,56.06 118.09,56.00
             118.39,55.88 118.69,55.76 118.99,55.64
             117.31,55.82 115.57,55.94 113.77,56.00
             112.03,56.00 110.65,55.76 109.63,55.28 Z
           M 106.84,35.48
           C 108.22,35.90 109.63,36.14 111.07,36.20
             112.57,36.26 114.01,36.23 115.39,36.11
             113.89,36.05 112.48,35.87 111.16,35.57
             109.90,35.21 108.58,34.94 107.20,34.76
             107.20,34.76 106.84,35.48 106.84,35.48 Z
           M 119.44,19.01
           C 118.96,18.95 118.66,18.95 118.54,19.01
             118.48,19.01 118.66,19.07 119.08,19.19
             119.08,19.19 119.44,19.01 119.44,19.01 Z
           M 104.59,34.67
           C 104.83,34.79 104.98,34.85 105.04,34.85
             105.10,34.79 105.13,34.73 105.13,34.67
             105.13,34.67 104.59,34.67 104.59,34.67 Z
           M 146.31,36.65
           C 146.43,36.35 146.51,36.05 146.57,35.75
             146.69,35.39 146.81,35.06 146.94,34.76
             147.84,32.42 149.06,30.17 150.62,28.01
             152.19,25.79 153.93,23.81 155.84,22.07
             157.76,20.27 159.81,18.77 161.97,17.57
             164.19,16.31 166.34,15.50 168.44,15.14
             170.06,14.84 171.56,14.90 172.94,15.32
             174.39,15.74 175.61,16.43 176.63,17.39
             177.66,18.29 178.41,19.40 178.89,20.72
             179.43,22.04 179.57,23.45 179.34,24.95
             179.46,24.95 179.57,25.01 179.69,25.13
             180.11,24.47 180.66,24.50 181.31,25.22
             181.56,25.70 181.86,26.21 182.21,26.75
             182.57,27.23 182.66,27.71 182.49,28.19
             182.06,29.21 181.61,30.20 181.13,31.16
             180.66,32.12 180.11,33.05 179.51,33.95
             179.09,35.33 178.56,36.71 177.90,38.09
             177.29,39.41 176.66,40.34 176.00,40.88
             175.76,41.24 175.47,41.48 175.10,41.60
             174.81,41.96 174.47,42.38 174.11,42.86
             173.75,43.28 173.37,43.82 172.94,44.48
             172.94,45.08 172.97,45.50 173.03,45.74
             173.51,47.96 174.14,49.67 174.93,50.87
             175.70,52.01 176.60,52.82 177.62,53.30
             178.47,53.00 179.24,52.64 179.97,52.22
             180.74,51.80 181.38,51.44 181.86,51.14
             184.73,49.58 187.47,47.90 190.04,46.10
             192.69,44.24 195.26,42.32 197.78,40.34
             198.44,39.68 198.93,39.29 199.22,39.17
             199.22,39.17 200.12,38.45 200.12,38.45
             200.60,38.03 201.03,38.03 201.39,38.45
             201.81,38.81 201.81,39.23 201.39,39.71
             201.39,39.71 199.13,41.51 199.13,41.51
             198.59,42.41 197.81,43.43 196.79,44.57
             195.77,45.71 194.57,46.88 193.19,48.08
             191.88,49.22 190.47,50.33 188.97,51.41
             187.47,52.49 186.00,53.39 184.56,54.11
             183.11,54.83 181.76,55.34 180.50,55.64
             179.31,55.88 178.28,55.79 177.44,55.37
             177.33,55.37 177.26,55.34 177.26,55.28
             175.59,55.82 174.00,55.88 172.50,55.46
             171.96,55.28 171.47,54.95 171.06,54.47
             170.69,53.93 170.37,53.36 170.06,52.76
             169.76,52.16 169.53,51.56 169.34,50.96
             169.16,50.36 169.04,49.85 168.99,49.43
             168.26,50.03 167.51,50.63 166.73,51.23
             165.96,51.77 165.14,52.40 164.31,53.12
             163.28,53.96 162.00,54.68 160.44,55.28
             158.94,55.82 157.41,56.12 155.84,56.18
             154.28,56.24 152.78,55.94 151.34,55.28
             149.97,54.62 148.91,53.51 148.19,51.95
             147.77,50.93 147.26,49.97 146.66,49.07
             146.06,48.11 145.73,47.12 145.67,46.10
             145.67,46.10 145.67,44.30 145.67,44.30
             145.67,44.30 145.67,44.21 145.67,44.21
             145.50,43.01 145.47,41.81 145.59,40.61
             145.70,39.41 145.91,38.21 146.21,37.01
             146.21,36.83 146.24,36.71 146.31,36.65 Z
           M 158.37,49.52
           C 161.97,48.02 165.41,45.95 168.71,43.31
             168.77,40.61 169.07,38.00 169.61,35.48
             170.21,32.96 171.11,30.44 172.31,27.92
             172.67,27.14 173.19,26.51 173.84,26.03
             174.56,25.49 175.34,25.10 176.19,24.86
             176.00,24.68 175.91,24.44 175.91,24.14
             174.90,22.82 173.51,21.77 171.77,20.99
             170.09,20.15 168.62,19.73 167.37,19.73
             166.41,19.73 165.47,19.88 164.57,20.18
             163.67,20.42 162.81,20.78 161.97,21.26
             160.22,22.16 158.57,23.24 157.01,24.50
             155.46,25.70 154.04,27.05 152.78,28.55
             152.24,29.39 151.70,30.20 151.16,30.98
             150.69,31.70 150.23,32.42 149.81,33.14
             149.09,34.52 148.56,35.81 148.19,37.01
             147.59,38.99 147.33,40.94 147.39,42.86
             147.44,44.78 147.87,46.40 148.64,47.72
             149.49,49.04 150.69,49.94 152.24,50.42
             153.87,50.84 155.91,50.54 158.37,49.52 Z
           M 166.47,48.89
           C 166.83,48.53 167.19,48.20 167.54,47.90
             167.97,47.54 168.39,47.18 168.81,46.82
             168.81,46.58 168.77,46.37 168.71,46.19
             168.71,45.95 168.71,45.74 168.71,45.56
             167.16,46.76 165.56,47.84 163.94,48.80
             162.33,49.76 160.67,50.57 159.00,51.23
             158.57,51.41 158.00,51.62 157.28,51.86
             156.62,52.04 155.91,52.22 155.12,52.40
             154.34,52.52 153.53,52.58 152.69,52.58
             151.86,52.58 151.10,52.46 150.44,52.22
             151.53,53.24 152.72,53.87 154.04,54.11
             155.37,54.35 156.74,54.29 158.19,53.93
             159.62,53.57 161.06,52.94 162.50,52.04
             163.94,51.14 165.26,50.09 166.47,48.89 Z
           M 167.19,17.93
           C 168.03,17.69 168.93,17.69 169.89,17.93
             170.91,18.17 171.90,18.59 172.86,19.19
             173.81,19.73 174.71,20.39 175.56,21.17
             176.40,21.95 177.09,22.76 177.62,23.60
             177.74,21.56 177.00,19.85 175.38,18.47
             173.75,17.09 171.41,16.58 168.36,16.94
             166.73,17.12 164.94,17.78 162.96,18.92
             163.61,18.80 164.27,18.68 164.94,18.56
             165.66,18.38 166.41,18.17 167.19,17.93 Z
           M 176.91,26.75
           C 176.84,26.75 176.81,26.72 176.81,26.66
             175.50,27.08 174.53,27.74 173.94,28.64
             173.57,29.18 173.21,29.90 172.86,30.80
             172.56,31.70 172.22,32.75 171.87,33.95
             171.56,35.09 171.29,36.35 171.06,37.73
             170.81,39.05 170.63,40.40 170.51,41.78
             170.51,41.78 171.33,40.97 171.33,40.97
             171.39,40.31 171.47,39.65 171.59,38.99
             171.71,38.33 171.90,37.55 172.13,36.65
             172.38,35.69 172.61,34.82 172.86,34.04
             173.09,33.26 173.40,32.54 173.75,31.88
             174.11,31.22 174.50,30.56 174.93,29.90
             175.41,29.24 176.00,28.52 176.72,27.74
             176.72,27.74 177.00,27.56 177.00,27.56
             176.88,27.32 176.84,27.08 176.91,26.84
             176.91,26.84 176.91,26.75 176.91,26.75 Z
           M 170.43,47.99
           C 170.54,49.37 170.81,50.57 171.23,51.59
             171.66,52.61 172.28,53.33 173.12,53.75
             173.66,54.05 174.26,54.14 174.93,54.02
             174.93,54.02 174.90,53.96 174.84,53.84
             174.36,53.24 173.91,52.67 173.49,52.13
             173.06,51.59 172.70,51.08 172.41,50.60
             172.10,50.06 171.84,49.52 171.59,48.98
             171.41,48.38 171.29,47.69 171.23,46.91
             171.23,46.91 170.43,47.99 170.43,47.99 Z
           M 175.91,35.93
           C 176.09,35.45 176.24,34.94 176.37,34.40
             176.49,33.86 176.57,33.20 176.63,32.42
             176.46,32.36 176.37,32.15 176.37,31.79
             176.37,31.79 176.37,31.70 176.37,31.70
             176.06,32.42 175.79,32.99 175.56,33.41
             175.31,33.83 175.07,34.22 174.84,34.58
             174.66,34.88 174.47,35.24 174.29,35.66
             174.17,36.02 174.06,36.50 173.94,37.10
             173.94,37.10 175.91,35.93 175.91,35.93 Z
           M 180.96,53.66
           C 182.34,53.36 183.71,52.76 185.09,51.86
             186.53,50.90 187.94,49.82 189.33,48.62
             188.31,49.34 187.22,50.03 186.09,50.69
             184.94,51.35 183.87,51.98 182.84,52.58
             182.84,52.58 180.96,53.66 180.96,53.66 Z
           M 170.24,45.20
           C 170.43,45.02 170.57,44.81 170.69,44.57
             170.88,44.33 171.06,44.06 171.23,43.76
             171.23,43.76 171.23,43.49 171.23,43.49
             171.23,43.49 170.24,45.20 170.24,45.20 Z
           M 220.00,55.82
           C 219.94,55.88 219.82,55.91 219.64,55.91
             218.86,56.09 218.08,56.30 217.30,56.54
             216.52,56.78 215.71,56.90 214.87,56.90
             213.73,56.90 212.77,56.54 211.99,55.82
             211.21,55.04 210.58,54.08 210.10,52.94
             209.68,51.74 209.35,50.45 209.11,49.07
             208.87,47.63 208.69,46.25 208.57,44.93
             208.51,43.55 208.48,42.32 208.48,41.24
             208.54,40.10 208.57,39.26 208.57,38.72
             208.69,37.22 208.78,35.75 208.84,34.31
             208.96,32.81 209.11,31.28 209.29,29.72
             208.51,30.74 207.91,31.52 207.49,32.06
             207.07,32.54 206.71,32.96 206.41,33.32
             206.11,33.68 205.75,34.07 205.33,34.49
             204.97,34.85 204.43,35.39 203.71,36.11
             203.05,37.07 202.30,38.06 201.46,39.08
             200.62,40.04 199.72,41.09 198.76,42.23
             198.28,42.53 197.89,42.53 197.59,42.23
             197.23,41.87 197.20,41.45 197.50,40.97
             197.50,40.97 200.74,37.19 200.74,37.19
             200.74,37.19 201.46,36.38 201.46,36.38
             203.08,34.40 204.49,32.39 205.69,30.35
             206.95,28.31 208.12,25.79 209.20,22.79
             209.32,22.31 209.44,21.86 209.56,21.44
             209.68,20.96 209.80,20.48 209.92,20.00
             208.90,20.12 207.88,20.18 206.86,20.18
             205.90,20.18 204.79,20.12 203.53,20.00
             203.11,20.00 202.84,19.79 202.72,19.37
             202.72,19.37 201.01,19.37 201.01,19.37
             200.41,19.25 200.11,18.92 200.11,18.38
             200.11,17.84 200.44,17.57 201.10,17.57
             202.66,17.57 204.22,17.51 205.78,17.39
             207.34,17.27 208.93,17.12 210.55,16.94
             210.61,16.58 210.67,16.25 210.73,15.95
             210.85,15.59 210.97,15.23 211.09,14.87
             211.09,14.87 211.09,14.96 211.09,14.96
             211.33,13.70 211.51,12.47 211.63,11.27
             211.81,10.01 212.02,8.78 212.26,7.58
             212.32,7.16 212.38,6.65 212.44,6.05
             212.50,5.45 212.59,4.88 212.71,4.34
             212.83,3.74 213.01,3.20 213.25,2.72
             213.49,2.24 213.85,1.91 214.33,1.73
             214.51,1.73 214.66,1.76 214.78,1.82
             214.78,1.82 214.78,1.46 214.78,1.46
             214.90,0.80 215.23,0.50 215.77,0.56
             216.31,0.62 216.58,0.98 216.58,1.64
             216.46,3.68 216.31,5.33 216.13,6.59
             216.01,7.79 215.86,8.87 215.68,9.83
             215.50,10.79 215.32,11.75 215.14,12.71
             214.96,13.67 214.81,14.90 214.69,16.40
             216.55,16.10 218.38,15.83 220.18,15.59
             222.04,15.29 223.87,15.05 225.67,14.87
             226.33,14.87 226.69,15.14 226.75,15.68
             226.81,16.22 226.51,16.55 225.85,16.67
             225.85,16.67 223.60,16.94 223.60,16.94
             223.60,16.94 224.05,16.94 224.05,16.94
             224.53,17.06 224.77,17.36 224.77,17.84
             224.83,18.32 224.56,18.62 223.96,18.74
             222.40,18.62 220.81,18.62 219.19,18.74
             217.63,18.80 216.07,18.92 214.51,19.10
             214.51,19.10 214.51,19.91 214.51,19.91
             214.51,20.69 214.42,21.98 214.24,23.78
             214.12,25.58 213.97,27.62 213.79,29.90
             213.67,32.18 213.52,34.55 213.34,37.01
             213.16,39.47 213.04,41.75 212.98,43.85
             212.98,45.89 213.04,47.63 213.16,49.07
             213.28,50.51 213.55,51.32 213.97,51.50
             214.93,52.52 215.95,53.18 217.03,53.48
             218.11,53.78 219.25,53.78 220.45,53.48
             220.69,53.36 221.05,53.12 221.53,52.76
             223.21,51.44 224.77,49.88 226.21,48.08
             227.71,46.28 229.15,44.66 230.53,43.22
             231.01,42.80 231.43,42.80 231.79,43.22
             232.21,43.58 232.21,44.00 231.79,44.48
             231.13,45.14 230.47,45.86 229.81,46.64
             229.21,47.36 228.58,48.11 227.92,48.89
             229.42,47.57 230.83,46.19 232.15,44.75
             233.47,43.25 234.58,41.99 235.48,40.97
             236.44,39.95 237.16,39.29 237.64,38.99
             238.18,38.63 238.39,38.93 238.27,39.89
             238.15,40.67 237.58,41.72 236.56,43.04
             235.54,44.30 234.28,45.65 232.78,47.09
             231.34,48.47 229.72,49.82 227.92,51.14
             226.12,52.46 224.38,53.54 222.70,54.38
             221.92,54.98 221.08,55.46 220.18,55.82
             220.18,55.82 220.09,55.82 220.09,55.82
             220.09,55.82 220.00,55.82 220.00,55.82 Z
           M 211.54,27.02
           C 211.24,29.00 211.00,31.01 210.82,33.05
             210.64,35.03 210.49,37.01 210.37,38.99
             210.31,40.07 210.28,41.48 210.28,43.22
             210.28,44.90 210.40,46.58 210.64,48.26
             210.94,49.94 211.42,51.44 212.08,52.76
             212.74,54.02 213.73,54.77 215.05,55.01
             214.75,54.89 214.42,54.77 214.06,54.65
             213.76,54.47 213.52,54.23 213.34,53.93
             212.32,52.67 211.66,51.59 211.36,50.69
             211.12,49.73 211.00,48.53 211.00,47.09
             211.00,47.09 210.97,46.85 210.91,46.37
             210.91,45.83 210.91,45.26 210.91,44.66
             210.91,44.00 210.88,43.43 210.82,42.95
             210.82,42.41 210.82,42.14 210.82,42.14
             211.12,39.32 211.39,36.92 211.63,34.94
             211.87,32.96 211.99,30.83 211.99,28.55
             211.99,28.31 212.05,27.89 212.17,27.29
             212.35,26.69 212.44,26.24 212.44,25.94
             212.44,25.94 211.54,27.02 211.54,27.02 Z
           M 212.89,19.64
           C 212.83,19.64 212.77,19.67 212.71,19.73
             212.71,19.73 212.68,19.73 212.62,19.73
             212.50,20.09 212.41,20.45 212.35,20.81
             212.35,21.17 212.32,21.53 212.26,21.89
             212.26,21.83 212.32,21.74 212.44,21.62
             212.44,21.62 212.89,19.64 212.89,19.64 Z
           M 209.92,25.31
           C 209.86,25.37 209.83,25.46 209.83,25.58
             209.83,25.52 209.86,25.46 209.92,25.40
             209.92,25.40 209.92,25.31 209.92,25.31 Z
           M 238.51,35.84
           C 238.87,35.30 239.32,35.15 239.86,35.39
             240.10,35.21 240.31,35.00 240.49,34.76
             240.67,34.52 240.85,34.28 241.03,34.04
             242.17,32.84 243.19,31.46 244.09,29.90
             244.99,28.34 245.77,26.75 246.43,25.13
             246.79,21.83 247.42,18.89 248.32,16.31
             248.44,16.19 248.53,16.10 248.59,16.04
             248.71,15.92 248.86,15.83 249.04,15.77
             249.10,15.71 249.16,15.68 249.22,15.68
             249.94,15.68 250.30,16.04 250.30,16.76
             250.30,17.12 250.27,17.48 250.21,17.84
             250.21,18.20 250.18,18.59 250.12,19.01
             250.54,18.59 250.99,18.65 251.47,19.19
             251.53,19.19 251.56,19.22 251.56,19.28
             251.62,19.28 251.68,19.28 251.74,19.28
             252.46,19.46 252.97,20.03 253.27,20.99
             253.27,21.05 253.15,21.29 252.91,21.71
             252.73,22.13 252.52,22.58 252.28,23.06
             252.04,23.54 251.80,23.99 251.56,24.41
             251.38,24.77 251.29,24.98 251.29,25.04
             250.33,27.50 249.64,29.87 249.22,32.15
             248.86,34.43 248.65,36.59 248.59,38.63
             248.65,39.05 248.68,39.47 248.68,39.89
             248.74,40.25 248.83,40.64 248.95,41.06
             249.01,41.78 249.13,42.65 249.31,43.67
             249.49,44.63 249.76,45.59 250.12,46.55
             250.48,47.45 250.96,48.26 251.56,48.98
             252.16,49.70 252.91,50.15 253.81,50.33
             255.13,50.51 256.54,50.18 258.04,49.34
             259.60,48.50 261.10,47.45 262.54,46.19
             264.04,44.93 265.42,43.61 266.68,42.23
             267.94,40.85 268.99,39.74 269.83,38.90
             270.31,38.48 270.73,38.48 271.09,38.90
             271.51,39.26 271.51,39.68 271.09,40.16
             271.09,40.16 269.38,41.96 269.38,41.96
             270.52,40.94 271.45,40.16 272.17,39.62
             272.89,39.02 273.22,38.99 273.16,39.53
             273.04,40.25 272.53,41.24 271.63,42.50
             270.73,43.70 269.59,44.99 268.21,46.37
             266.89,47.69 265.42,49.01 263.80,50.33
             262.18,51.59 260.56,52.70 258.94,53.66
             257.32,54.62 255.79,55.31 254.35,55.73
             252.91,56.15 251.74,56.12 250.84,55.64
             249.82,54.98 249.01,54.32 248.41,53.66
             247.87,52.94 247.39,51.89 246.97,50.51
             246.55,48.17 246.25,45.89 246.07,43.67
             245.89,41.39 245.98,38.96 246.34,36.38
             246.28,35.48 246.22,34.58 246.16,33.68
             246.16,32.78 246.16,31.85 246.16,30.89
             244.72,32.99 242.89,35.27 240.67,37.73
             240.67,37.73 238.24,40.79 238.24,40.79
             237.88,41.03 237.67,41.12 237.61,41.06
             237.49,41.00 237.49,40.73 237.61,40.25
             237.61,40.25 237.61,39.71 237.61,39.71
             237.85,39.11 238.30,38.36 238.96,37.46
             238.78,37.46 238.66,37.37 238.60,37.19
             238.60,37.13 238.57,37.07 238.51,37.01
             238.39,36.77 238.33,36.47 238.33,36.11
             238.45,35.99 238.51,35.90 238.51,35.84 Z
           M 248.95,12.08
           C 248.95,11.48 249.13,10.97 249.49,10.55
             249.91,10.07 250.36,9.62 250.84,9.20
             250.54,9.26 250.21,9.35 249.85,9.47
             249.49,9.53 248.98,9.62 248.32,9.74
             247.78,9.62 247.48,9.35 247.42,8.93
             247.42,8.51 247.66,8.18 248.14,7.94
             248.74,7.88 249.49,7.73 250.39,7.49
             251.29,7.25 252.04,7.34 252.64,7.76
             252.94,7.64 253.21,7.67 253.45,7.85
             253.75,8.03 253.90,8.27 253.90,8.57
             255.28,8.81 255.94,9.23 255.88,9.83
             255.88,10.43 255.52,11.00 254.80,11.54
             254.08,12.08 253.18,12.53 252.10,12.89
             251.08,13.25 250.24,13.28 249.58,12.98
             249.22,12.80 249.01,12.50 248.95,12.08 Z
           M 253.63,7.31
           C 253.09,7.19 252.82,6.86 252.82,6.32
             252.82,5.78 253.15,5.51 253.81,5.51
             254.47,5.63 255.01,5.90 255.43,6.32
             255.85,6.68 256.30,7.04 256.78,7.40
             257.14,7.88 257.14,8.30 256.78,8.66
             256.48,8.96 256.09,8.99 255.61,8.75
             255.31,8.51 255.01,8.27 254.71,8.03
             254.41,7.79 254.08,7.55 253.72,7.31
             253.72,7.31 253.63,7.31 253.63,7.31 Z
           M 250.30,52.04
           C 251.32,52.70 252.46,52.91 253.72,52.67
             254.98,52.43 256.30,51.98 257.68,51.32
             256.42,51.74 255.10,52.01 253.72,52.13
             252.76,52.25 251.92,51.98 251.20,51.32
             250.48,50.60 249.88,49.79 249.40,48.89
             249.88,50.99 250.18,52.04 250.30,52.04 Z
           M 252.37,10.19
           C 251.83,10.49 251.41,10.85 251.11,11.27
             251.53,11.15 251.98,11.00 252.46,10.82
             253.00,10.58 253.36,10.40 253.54,10.28
             253.36,10.22 253.06,10.19 252.64,10.19
             252.64,10.19 252.37,10.19 252.37,10.19 Z
           M 248.32,27.56
           C 248.26,27.62 248.23,27.68 248.23,27.74
             248.23,27.86 248.20,27.98 248.14,28.10
             248.14,28.22 248.14,28.34 248.14,28.46
             248.14,28.46 248.32,27.56 248.32,27.56 Z
           M 301.49,17.93
           C 301.97,18.11 302.21,18.41 302.21,18.83
             302.87,19.13 303.50,19.43 304.10,19.73
             304.76,20.03 305.42,20.39 306.08,20.81
             308.36,21.11 310.31,21.83 311.93,22.97
             312.41,22.55 312.86,22.10 313.28,21.62
             313.70,21.14 314.15,20.66 314.63,20.18
             315.11,19.76 315.53,19.76 315.89,20.18
             316.31,20.54 316.31,20.96 315.89,21.44
             315.89,21.44 314.63,22.88 314.63,22.88
             315.11,22.58 315.56,22.28 315.98,21.98
             316.40,21.68 316.85,21.38 317.33,21.08
             317.93,20.78 318.32,20.90 318.50,21.44
             318.74,21.92 318.59,22.34 318.05,22.70
             317.39,23.18 316.73,23.63 316.07,24.05
             315.41,24.47 314.75,24.89 314.09,25.31
             314.57,25.97 314.96,26.72 315.26,27.56
             315.62,28.40 315.89,29.36 316.07,30.44
             316.31,32.18 316.07,33.98 315.35,35.84
             315.35,39.02 314.42,41.87 312.56,44.39
             310.76,46.91 308.48,49.04 305.72,50.78
             302.96,52.52 299.96,53.87 296.72,54.83
             293.54,55.79 290.57,56.30 287.81,56.36
             287.09,56.36 286.43,56.33 285.83,56.27
             285.29,56.21 284.75,56.12 284.21,56.00
             283.73,55.88 283.22,55.73 282.68,55.55
             282.20,55.37 281.60,55.16 280.88,54.92
             278.48,54.08 276.59,53.00 275.21,51.68
             273.83,50.30 272.87,48.77 272.33,47.09
             271.79,45.41 271.61,43.64 271.79,41.78
             271.91,39.86 272.30,37.97 272.96,36.11
             273.62,34.19 274.46,32.36 275.48,30.62
             276.50,28.88 277.64,27.29 278.90,25.85
             281.12,23.27 282.98,21.41 284.48,20.27
             286.04,19.07 287.57,18.29 289.07,17.93
             290.63,17.51 292.34,17.39 294.20,17.57
             296.12,17.69 298.55,17.81 301.49,17.93 Z
           M 313.46,34.40
           C 313.28,33.14 312.89,31.94 312.29,30.80
             311.75,29.60 311.09,28.46 310.31,27.38
             308.21,28.34 306.11,28.94 304.01,29.18
             302.69,29.48 301.31,29.66 299.87,29.72
             298.49,29.72 297.20,29.54 296.00,29.18
             294.86,28.82 293.90,28.22 293.12,27.38
             292.34,26.48 291.95,25.28 291.95,23.78
             288.35,25.46 285.08,27.71 282.14,30.53
             279.26,33.35 277.13,36.53 275.75,40.07
             274.97,41.99 274.67,43.94 274.85,45.92
             275.03,47.90 276.05,49.58 277.91,50.96
             279.77,52.34 281.84,53.18 284.12,53.48
             286.40,53.72 288.71,53.60 291.05,53.12
             293.45,52.58 295.82,51.71 298.16,50.51
             300.56,49.25 302.75,47.78 304.73,46.10
             306.77,44.42 308.54,42.59 310.04,40.61
             311.60,38.57 312.74,36.50 313.46,34.40 Z
           M 289.61,19.64
           C 288.53,19.94 287.24,20.69 285.74,21.89
             284.24,23.09 282.74,24.59 281.24,26.39
             279.74,28.13 278.36,30.08 277.10,32.24
             275.84,34.40 274.91,36.56 274.31,38.72
             275.75,35.48 277.76,32.54 280.34,29.90
             282.92,27.26 285.80,25.07 288.98,23.33
             288.98,22.97 289.13,22.67 289.43,22.43
             290.27,21.89 291.20,21.53 292.22,21.35
             292.52,20.33 292.94,19.58 293.48,19.10
             292.82,19.04 292.37,19.01 292.13,19.01
             291.89,19.01 291.68,19.04 291.50,19.10
             291.32,19.10 291.11,19.16 290.87,19.28
             290.63,19.34 290.21,19.46 289.61,19.64 Z
           M 305.72,22.70
           C 304.46,22.46 303.17,22.31 301.85,22.25
             300.53,22.13 299.24,22.13 297.98,22.25
             297.68,23.81 298.01,25.10 298.97,26.12
             299.99,27.14 301.34,27.62 303.02,27.56
             305.12,27.20 307.01,26.45 308.69,25.31
             308.39,25.01 308.09,24.74 307.79,24.50
             307.49,24.20 307.19,23.90 306.89,23.60
             306.89,23.60 305.72,22.70 305.72,22.70 Z
           M 294.83,53.84
           C 296.63,53.36 298.40,52.70 300.14,51.86
             301.88,51.02 303.50,50.06 305.00,48.98
             306.50,47.90 307.85,46.70 309.05,45.38
             310.25,44.06 311.24,42.68 312.02,41.24
             310.82,42.68 309.47,44.09 307.97,45.47
             306.47,46.79 304.94,47.99 303.38,49.07
             301.88,50.15 300.38,51.11 298.88,51.95
             297.38,52.73 296.06,53.33 294.92,53.75
             294.92,53.75 294.83,53.84 294.83,53.84 Z
           M 293.75,23.06
           C 293.45,24.26 293.75,25.28 294.65,26.12
             295.61,26.90 296.72,27.41 297.98,27.65
             297.32,26.99 296.75,26.18 296.27,25.22
             295.85,24.26 295.70,23.33 295.82,22.43
             295.64,22.49 295.43,22.52 295.19,22.52
             295.19,22.52 293.75,23.06 293.75,23.06 Z
           M 312.65,27.29
           C 312.89,27.89 313.13,28.46 313.37,29.00
             313.67,29.54 313.97,30.08 314.27,30.62
             314.27,30.62 314.27,30.53 314.27,30.53
             314.33,28.85 313.79,27.38 312.65,26.12
             312.65,26.12 312.11,26.39 312.11,26.39
             312.11,26.39 312.65,27.29 312.65,27.29 Z
           M 297.08,19.46
           C 296.18,19.64 295.49,20.03 295.01,20.63
             295.01,20.63 296.90,20.09 296.90,20.09
             297.02,20.09 297.14,20.06 297.26,20.00
             297.26,20.00 297.29,19.97 297.35,19.91
             297.65,19.79 297.89,19.76 298.07,19.82
             298.07,19.82 298.88,19.64 298.88,19.64
             298.88,19.64 297.08,19.46 297.08,19.46 Z
           M 320.86,41.33
           C 320.32,41.69 320.05,41.45 320.05,40.61
             319.33,39.83 319.21,38.57 319.69,36.83
             320.17,35.03 320.89,33.17 321.85,31.25
             322.87,29.33 323.89,27.56 324.91,25.94
             325.99,24.26 326.74,23.18 327.16,22.70
             327.28,22.58 327.58,22.25 328.06,21.71
             328.54,21.17 329.08,20.63 329.68,20.09
             330.28,19.49 330.88,19.01 331.48,18.65
             332.08,18.29 332.56,18.20 332.92,18.38
             333.28,18.56 333.58,19.01 333.82,19.73
             334.06,20.45 334.27,21.29 334.45,22.25
             334.63,23.15 334.78,24.14 334.90,25.22
             335.02,26.30 335.11,27.32 335.17,28.28
             335.29,28.04 335.41,27.83 335.53,27.65
             335.65,27.41 335.77,27.17 335.89,26.93
             337.27,24.77 338.62,23.06 339.94,21.80
             341.26,20.54 342.52,19.64 343.72,19.10
             344.92,18.50 346.06,18.20 347.14,18.20
             348.28,18.14 349.33,18.26 350.29,18.56
             350.41,18.50 350.50,18.44 350.56,18.38
             350.68,18.32 350.80,18.26 350.92,18.20
             351.40,17.96 351.82,18.08 352.18,18.56
             352.18,18.56 352.81,19.82 352.81,19.82
             353.53,20.30 354.19,20.84 354.79,21.44
             355.39,22.04 355.90,22.58 356.32,23.06
             356.80,23.66 357.22,24.23 357.58,24.77
             357.58,26.09 357.61,27.53 357.67,29.09
             357.73,30.65 357.76,32.24 357.76,33.86
             357.82,35.42 357.85,36.98 357.85,38.54
             357.85,40.10 357.82,41.54 357.76,42.86
             357.64,45.02 357.70,46.85 357.94,48.35
             358.18,49.79 358.57,50.93 359.11,51.77
             359.71,52.61 360.40,53.18 361.18,53.48
             362.02,53.78 362.95,53.87 363.97,53.75
             364.21,53.51 364.48,53.39 364.78,53.39
             364.90,53.39 365.02,53.42 365.14,53.48
             365.14,53.48 371.17,49.52 371.17,49.52
             371.65,49.28 372.01,49.37 372.25,49.79
             374.47,47.99 376.57,45.89 378.55,43.49
             380.53,41.09 382.54,38.99 384.58,37.19
             385.06,36.77 385.48,36.77 385.84,37.19
             386.26,37.55 386.26,37.97 385.84,38.45
             384.82,39.35 383.83,40.34 382.87,41.42
             381.97,42.44 381.04,43.46 380.08,44.48
             380.86,43.82 381.58,43.22 382.24,42.68
             382.96,42.14 383.56,41.63 384.04,41.15
             384.04,41.15 384.58,40.16 384.58,40.16
             384.94,39.62 385.36,39.47 385.84,39.71
             386.38,39.89 386.50,40.28 386.20,40.88
             386.20,40.88 385.84,41.24 385.12,41.96
             384.46,42.62 383.56,43.46 382.42,44.48
             381.28,45.44 379.99,46.52 378.55,47.72
             377.11,48.92 375.64,50.06 374.14,51.14
             372.64,52.22 371.14,53.15 369.64,53.93
             368.20,54.71 366.91,55.19 365.77,55.37
             365.77,55.37 365.14,55.55 365.14,55.55
             365.14,55.55 362.80,57.08 362.80,57.08
             361.36,57.98 360.10,58.22 359.02,57.80
             358.00,57.44 357.13,56.69 356.41,55.55
             355.69,54.35 355.09,52.94 354.61,51.32
             354.19,49.64 353.86,48.02 353.62,46.46
             353.38,44.90 353.20,43.52 353.08,42.32
             352.96,41.06 352.90,40.28 352.90,39.98
             352.84,38.42 352.81,36.86 352.81,35.30
             352.87,33.68 352.87,32.09 352.81,30.53
             352.75,28.91 352.63,27.29 352.45,25.67
             352.33,23.99 351.94,22.37 351.28,20.81
             351.04,20.81 350.83,20.81 350.65,20.81
             350.47,20.75 350.26,20.72 350.02,20.72
             348.64,21.44 347.23,22.37 345.79,23.51
             344.41,24.65 343.06,25.91 341.74,27.29
             340.48,28.67 339.34,30.14 338.32,31.70
             337.30,33.20 336.49,34.70 335.89,36.20
             336.37,40.46 336.79,44.72 337.15,48.98
             337.57,53.18 337.93,57.41 338.23,61.67
             338.23,62.33 337.96,62.66 337.42,62.66
             336.88,62.66 336.55,62.36 336.43,61.76
             336.19,58.46 335.95,55.19 335.71,51.95
             335.47,48.71 335.20,45.44 334.90,42.14
             334.78,44.36 334.75,46.58 334.81,48.80
             334.87,51.02 334.87,53.21 334.81,55.37
             334.57,55.79 334.24,56.00 333.82,56.00
             333.46,56.06 333.22,55.88 333.10,55.46
             333.10,55.46 333.01,55.46 333.01,55.46
             333.01,55.46 333.01,55.10 333.01,55.10
             333.01,53.90 333.01,52.82 333.01,51.86
             333.01,50.84 333.01,49.88 333.01,48.98
             333.07,48.02 333.10,47.06 333.10,46.10
             333.16,45.08 333.22,43.97 333.28,42.77
             333.28,42.05 333.28,41.39 333.28,40.79
             333.28,40.13 333.31,39.47 333.37,38.81
             333.25,38.63 333.25,38.45 333.37,38.27
             333.37,38.27 333.37,38.18 333.37,38.18
             333.43,33.56 333.34,30.50 333.10,29.00
             332.92,27.50 332.44,27.08 331.66,27.74
             330.88,28.34 329.77,29.75 328.33,31.97
             326.95,34.19 325.12,36.65 322.84,39.35
             322.84,39.35 321.76,40.43 321.76,40.43
             321.64,40.79 321.43,41.00 321.13,41.06
             321.13,41.06 320.86,41.33 320.86,41.33 Z
           M 328.42,29.54
           C 330.34,26.66 331.78,25.04 332.74,24.68
             332.74,24.68 332.20,20.45 332.20,20.45
             332.02,20.45 331.72,20.63 331.30,20.99
             330.94,21.29 330.55,21.68 330.13,22.16
             329.77,22.58 329.41,23.00 329.05,23.42
             328.69,23.78 328.48,23.99 328.42,24.05
             327.70,24.89 326.95,25.85 326.17,26.93
             325.39,28.01 324.67,29.18 324.01,30.44
             323.35,31.64 322.78,32.87 322.30,34.13
             321.82,35.39 321.49,36.65 321.31,37.91
             322.21,36.71 323.26,35.45 324.46,34.13
             325.66,32.75 326.68,31.58 327.52,30.62
             327.88,30.14 328.18,29.78 328.42,29.54 Z
           M 356.23,39.89
           C 356.11,38.87 356.05,37.61 356.05,36.11
             356.11,34.61 356.08,33.08 355.96,31.52
             355.90,29.96 355.72,28.43 355.42,26.93
             355.18,25.37 354.73,24.05 354.07,22.97
             354.31,27.17 354.40,31.46 354.34,35.84
             354.28,40.22 354.67,44.48 355.51,48.62
             355.75,49.64 356.08,50.60 356.50,51.50
             356.98,52.40 357.43,53.33 357.85,54.29
             357.85,54.29 360.19,54.83 360.19,54.83
             359.95,54.71 359.71,54.59 359.47,54.47
             359.23,54.29 359.05,54.08 358.93,53.84
             357.85,52.40 357.10,51.23 356.68,50.33
             356.32,49.37 356.11,48.44 356.05,47.54
             356.05,46.64 356.08,45.62 356.14,44.48
             356.26,43.28 356.29,41.75 356.23,39.89 Z
           M 338.86,25.31
           C 338.20,26.33 337.66,27.38 337.24,28.46
             336.82,29.54 336.46,30.62 336.16,31.70
             337.12,30.32 338.20,29.00 339.40,27.74
             340.60,26.42 341.80,25.16 343.00,23.96
             343.24,23.72 343.66,23.27 344.26,22.61
             344.86,21.95 345.43,21.38 345.97,20.90
             342.79,21.56 340.42,23.03 338.86,25.31 Z" />
</svg>
