<?xml version="1.0" encoding="UTF-8" standalone="no"?>
<!DOCTYPE svg PUBLIC "-//W3C//DTD SVG 20010904//EN"
              "http://www.w3.org/TR/2001/REC-SVG-20010904/DTD/svg10.dtd">

<svg xmlns="http://www.w3.org/2000/svg"
     width="0.455556in" height="0.822222in"
     viewBox="0 0 41 74">
  <path id="Imported Path"
        fill="none" stroke="black" stroke-width="1"
        d="M 6.97,73.26
           C 5.49,73.26 4.19,72.81 3.06,71.90
             2.04,70.88 1.41,69.69 1.19,68.33
             0.85,66.97 0.62,65.21 0.51,63.06
             0.39,61.36 0.34,58.75 0.34,55.24
             0.34,55.24 0.51,43.00 0.51,43.00
             0.51,41.19 0.56,39.83 0.68,38.92
             0.90,28.61 1.47,17.90 2.38,6.79
             2.49,5.09 2.66,3.84 2.89,3.05
             3.11,2.26 3.74,1.58 4.76,1.01
             5.44,0.56 6.12,0.33 6.80,0.33
             8.16,0.33 9.23,0.73 10.03,1.52
             10.82,2.20 11.22,3.16 11.22,4.41
             11.22,5.43 11.05,6.62 10.71,7.98
             10.37,9.34 10.14,10.47 10.03,11.38
             10.03,11.38 9.52,17.50 9.52,17.50
             9.52,19.31 9.46,20.79 9.35,21.92
             9.35,21.92 8.33,47.25 8.33,47.25
             8.33,49.29 8.27,50.82 8.16,51.84
             8.16,51.84 7.99,56.26 7.99,56.26
             7.99,57.05 8.04,57.68 8.16,58.13
             8.16,58.24 8.16,58.36 8.16,58.47
             8.27,58.47 8.33,58.47 8.33,58.47
             8.44,58.36 8.55,58.19 8.67,57.96
             8.89,57.73 9.01,57.51 9.01,57.28
             9.35,56.15 9.63,55.01 9.86,53.88
             10.08,52.63 10.37,51.44 10.71,50.31
             12.75,40.79 14.90,33.14 17.17,27.36
             17.39,26.79 18.07,24.98 19.21,21.92
             20.34,18.86 21.76,16.25 23.46,14.10
             25.27,11.95 27.25,10.53 29.41,9.85
             29.86,9.74 30.60,9.68 31.62,9.68
             33.20,9.68 34.62,10.08 35.87,10.87
             37.68,11.89 38.98,13.31 39.78,15.12
             40.34,16.25 40.63,17.33 40.63,18.35
             40.63,19.48 40.29,20.56 39.61,21.58
             38.93,22.60 37.91,23.11 36.55,23.11
             34.62,23.11 33.15,22.43 32.13,21.07
             31.79,20.62 31.50,19.82 31.28,18.69
             31.05,17.56 30.82,16.76 30.60,16.31
             30.03,16.65 29.46,17.22 28.90,18.01
             28.44,18.80 28.10,19.37 27.88,19.71
             27.65,20.28 27.31,20.90 26.86,21.58
             26.52,22.26 26.12,23.05 25.67,23.96
             23.97,27.59 22.49,31.44 21.25,35.52
             20.00,39.60 18.75,44.42 17.51,49.97
             17.51,49.97 16.32,55.24 16.32,55.24
             16.09,56.15 15.69,57.79 15.13,60.17
             14.67,62.55 14.16,64.65 13.60,66.46
             12.46,70.31 10.71,72.52 8.33,73.09
             7.99,73.20 7.53,73.26 6.97,73.26 Z" />
</svg>
